10

camera_track 8
-6.0 11.0 -6.0 0.0 3.5 0.0
 0.0 11.0 -6.0 0.0 3.5 0.0
 6.0 11.0 -6.0 0.0 3.5 0.0
 6.0 11.0  0.0 0.0 3.5 0.0
 0.0 11.0  6.0 0.0 3.5 0.0
-6.0 11.0  6.0 0.0 3.5 0.0
-6.0 11.0  0.0 0.0 3.5 0.0
-6.0 11.0 -6.0 0.0 3.5 0.0

point_light_track_1 5
-1.5 5.5 -1.5 -1.5 5.0 -1.5
 1.5 3.5 -1.5  1.5 3.0 -1.5
 1.5 5.5  1.5  1.5 5.0  1.5
-1.5 3.5  1.5 -1.5 3.0  1.5
-1.5 5.5 -1.5 -1.5 5.0 -1.5

point_light_track_2 3
-40.0 2.0 -5.0 -40.0 0.0 -5.0
-40.0 5.0 -5.0 -40.0 0.0 -5.0
-40.0 2.0 -5.0 -40.0 0.0 -5.0

point_light_track_3 3
25.0 2.0 40.0 25.0 0.0 40.0
25.0 5.0 40.0 25.0 0.0 40.0
25.0 2.0 40.0 25.0 0.0 40.0

point_light_track_4 3
-25.0 2.0 -40.0 -25.0 0.0 -40.0
-25.0 5.0 -40.0 -25.0 0.0 -40.0
-25.0 2.0 -40.0 -25.0 0.0 -40.0

point_light_track_5 3
25.0 2.0 -40.0 25.0 0.0 -40.0
25.0 5.0 -40.0 25.0 0.0 -40.0
25.0 2.0 -40.0 25.0 0.0 -40.0

spot_light_track 9
-6.0 5.5 -6.0 -5.0 4.5 -5.0
 0.0 3.5 -6.0  0.0 0.0 -6.0
 6.0 5.5 -6.0  5.0 4.5 -5.0
 6.0 3.5  0.0  6.0 0.0  0.0
 6.0 5.5  6.0  5.0 4.5  5.0
 0.0 3.5  6.0  0.0 0.0  6.0
-6.0 5.5  6.0 -5.0 4.5  5.0
-6.0 3.5  0.0 -6.0 0.0  0.0
-6.0 5.5 -6.0 -5.0 4.5 -5.0

lady_track 5
0.0 3.5 0.0 -3.0 3.5  0.0
0.0 3.5 0.0  0.0 3.5  3.0
0.0 3.5 0.0  3.0 3.5  0.0
0.0 3.5 0.0  0.0 3.5 -3.0
0.0 3.5 0.0 -3.0 3.5  0.0

man_track 5
-3.0 3.5  0.0  0.0 3.5  3.0
 0.0 3.5  3.0  3.0 3.5  0.0
 3.0 3.5  0.0  0.0 3.5 -3.0
 0.0 3.5 -3.0 -3.0 3.5  0.0
-3.0 3.5  0.0  0.0 3.5  3.0

boat_track 9
-40.0 -3.5   0.0 -40.0 -3.5   1.0
-25.0 -3.5  25.0 -24.0 -3.5  26.0
  0.0 -3.5  40.0   1.0 -3.5  40.0
 25.0 -3.5  25.0  26.0 -3.5  24.0
 40.0 -3.5   0.0  40.0 -3.5  -1.0
 25.0 -3.5 -25.0  24.0 -3.5 -26.0
  0.0 -3.5 -40.0  -1.0 -3.5 -40.0
-25.0 -3.5 -25.0 -26.0 -3.5 -24.0
-40.0 -3.5   0.0 -40.0 -3.5   1.0

16

1 Lady photoscan/photoscan.obj
2.0 7.0 0.0
0
1 lady_track 1 2.0
2 0.0 1.75 0.0 0.0 1.5 -2.0
0

1 Man man/man.obj
-2.0 7.0 0.0
0
1 man_track 1 0.0
1 0.0 1.75 0.0
0

1 Walls walls.obj
0.0 0.0 0.0
3 0.0 0.0 0.0 1.0
0
0
0
0

1 Sea|Mine|1 sea_mine.obj
30.0 -4.0 25.0
0
0
0
1

1 Sea|Mine|2 sea_mine.obj
-30.0 -4.0 25.0
0
0
0
1

1 Sea|Mine|3 sea_mine.obj
30.0 -4.0 -25.0
0
0
0
1

1 Island island/island2.obj
0.0 -5.0 0.0
0
0
0
0

1 Boat boat.obj
0.0 0.0 0.0
0
1 boat_track 1 0.0
4
0.0 2.5 -4.0
0.0 1.25 -3.6
3.5 3.5 8.0
0.0 8.5 -12.0
1

3 Directional|Light 0.456 0.369 0.322
2.0 6.0 2.0
2 0.0 0.0 0.0
0
0
0

4 Point|Light|1 1.0 0.7 0.5
0.0 8.0 0.0
0
1 point_light_track_1 1 0.0
0
0

4 Point|Light|2 1.0 1.0 0.0
-40.0 4.0 -5.0
0
1 point_light_track_2 1 0.2
0
0

4 Point|Light|3 0.0 1.0 1.0
25.0 4.0 40.0
0
1 point_light_track_3 1 0.6
0
0

4 Point|Light|4 1.0 0.0 1.0
-25.0 4.0 -40.0
0
1 point_light_track_4 1 1.0
0
0

4 Point|Light|5 1.0 0.0 0.0
25.0 4.0 -40.0
0
1 point_light_track_5 1 1.6
0
0

5 Spot|Light|1 0.6 1.0 0.6
-10.0 8.0 -10.0
0
1 spot_light_track 1 0.0
0
0

5 Spot|Light|2 1.0 1.0 1.0
-10.0 8.0 10.0
2 -30.0 0.0 25.0
0
0
0